$ 1 0.000005 10.20027730826997 48 5 43
g 320 224 320 240 0
r 320 176 320 144 0 10000
R 320 128 320 96 0 0 40 12 0 0 0.5
w 320 192 384 192 0
g 432 320 432 336 0
162 432 272 432 320 2 default-led 0 0 1 0.01
R 432 176 432 144 0 0 40 12 0 0 0.5
R 160 144 160 96 0 0 40 800 0 0 0.5
r 432 272 432 240 0 480
407 224 192 272 192 0
s 160 144 160 176 0 1 false
w 160 176 160 192 0
w 224 224 208 224 0
g 208 224 208 240 0
r 176 192 208 192 0 330000
w 224 192 208 192 0
w 176 192 160 192 0
w 320 144 320 128 0
f 384 192 432 192 33 1.5 0.02
w 320 192 320 176 0
r 480 272 480 240 0 480
162 480 272 480 320 2 default-led 0 0 1 0.01
w 432 224 480 224 0
w 480 240 480 224 0
g 480 320 480 336 0
w 432 240 432 224 0
w 432 224 432 208 0
